[gd_scene load_steps=8 format=3 uid="uid://d3pfqr0jgoiko"]

[ext_resource type="PackedScene" uid="uid://bpsxhe45x3li3" path="res://block.tscn" id="1_6fvqf"]
[ext_resource type="Script" path="res://level_1.gd" id="1_qqan8"]
[ext_resource type="PackedScene" uid="uid://cw7ii6kxcvlpm" path="res://gigachad.tscn" id="2_ujuo1"]
[ext_resource type="Environment" uid="uid://qslfa76yr8y1" path="res://Resources/level_1_environment.tres" id="4_rmfjv"]
[ext_resource type="MeshLibrary" uid="uid://djggkvgloscjk" path="res://Resources/world-blocks-v1.tres" id="5_ap7mt"]
[ext_resource type="PackedScene" uid="uid://bg3nqmvnooa18" path="res://coin.tscn" id="5_wdtda"]

[sub_resource type="BoxShape3D" id="BoxShape3D_78vlc"]
size = Vector3(96.9685, 15.7734, 258.832)

[node name="Level1" type="Node3D"]
script = ExtResource("1_qqan8")

[node name="DirectionalLight3D" type="DirectionalLight3D" parent="."]
transform = Transform3D(0.216968, -0.752517, 0.621806, 0, 0.63698, 0.77088, -0.976179, -0.167256, 0.138204, 5.34814, 4.63029, 0.196526)
shadow_enabled = true

[node name="Blocks" type="Node3D" parent="."]

[node name="Block1" parent="Blocks" instance=ExtResource("1_6fvqf")]
transform = Transform3D(0.952401, 0.304848, 0, -0.261915, 0.81827, -0.511698, -0.15599, 0.487342, 0.859165, 0, 1.86715, 0)

[node name="Block2" parent="Blocks" instance=ExtResource("1_6fvqf")]
transform = Transform3D(0.662149, 0.697028, -0.275154, -0.732957, 0.525975, -0.431423, -0.15599, 0.487342, 0.859165, 0, 3.70694, 0)

[node name="Block3" parent="Blocks" instance=ExtResource("1_6fvqf")]
transform = Transform3D(-0.10444, 0.8568, -0.504962, -0.982222, -0.1685, -0.082754, -0.15599, 0.487342, 0.859165, -0.907788, 5.98591, 0)

[node name="Block4" parent="Blocks" instance=ExtResource("1_6fvqf")]
transform = Transform3D(-0.616222, 0.631777, -0.470242, -0.77197, -0.60279, 0.20176, -0.15599, 0.487342, 0.859165, 0.907788, 6.28345, 0)

[node name="Block5" parent="Blocks" instance=ExtResource("1_6fvqf")]
transform = Transform3D(-0.154815, 0.767033, 0.622649, -0.987422, -0.0996524, -0.122751, -0.0321052, -0.633821, 0.772813, -0.321576, 5.54612, 0.889657)

[node name="Block6" parent="Blocks" instance=ExtResource("1_6fvqf")]
transform = Transform3D(-0.344554, 0.69873, 0.626943, -0.818643, -0.550499, 0.163626, 0.459463, -0.456866, 0.761688, 0.321577, 5.98747, -0.776595)

[node name="Block7" parent="Blocks" instance=ExtResource("1_6fvqf")]
transform = Transform3D(-0.818928, -0.573509, -0.0210766, 0.492195, -0.682984, -0.5397, 0.295128, -0.45235, 0.841593, 0.224464, 7.61774, 0.864276)

[node name="Block8" parent="Blocks" instance=ExtResource("1_6fvqf")]
transform = Transform3D(-0.426861, -0.876632, 0.222047, 0.610455, -0.460484, -0.644437, 0.667184, -0.139537, 0.731708, -0.262392, 6.86046, -0.751214)

[node name="Block9" parent="Blocks" instance=ExtResource("1_6fvqf")]
transform = Transform3D(0.970444, 0.0603349, 0.233662, 0.238938, -0.376117, -0.895234, 0.0338703, 0.924606, -0.379417, 1.17001, 9.82008, -3.37818)

[node name="Block10" parent="Blocks" instance=ExtResource("1_6fvqf")]
transform = Transform3D(0.84963, 0.524833, -0.0517487, 0.164836, -0.357485, -0.919257, -0.500956, 0.7725, -0.390242, 0.573243, 9.98151, -1.64537)

[node name="Block11" parent="Blocks" instance=ExtResource("1_6fvqf")]
transform = Transform3D(0.207863, 0.900706, -0.381473, 0.056412, -0.400381, -0.91461, -0.97653, 0.168594, -0.134035, -1.0217, 10.079, 0.215924)

[node name="Block12" parent="Blocks" instance=ExtResource("1_6fvqf")]
transform = Transform3D(-0.342765, 0.829459, -0.441032, 0.0170768, -0.463893, -0.885726, -0.939266, -0.311128, 0.144842, 0.593227, 10.3101, 1.06648)

[node name="Block13" parent="Blocks" instance=ExtResource("1_6fvqf")]
transform = Transform3D(0.171823, 0.705433, 0.687635, -0.0723436, 0.705167, -0.705341, -0.982468, 0.0714484, 0.172197, -0.256375, 9.22607, 0.0920147)

[node name="Block14" parent="Blocks" instance=ExtResource("1_6fvqf")]
transform = Transform3D(-0.023055, 0.801228, 0.597915, -0.565474, 0.482759, -0.668718, -0.824444, -0.353522, 0.441944, 0.0754669, 10.9865, 0.510886)

[node name="Block15" parent="Blocks" instance=ExtResource("1_6fvqf")]
transform = Transform3D(-0.908361, -0.354713, 0.221493, -0.341371, 0.323022, -0.882679, 0.24155, -0.877403, -0.414508, -0.41562, 9.49461, 2.21167)

[node name="Block16" parent="Blocks" instance=ExtResource("1_6fvqf")]
transform = Transform3D(-0.547831, -0.687979, 0.475989, -0.65496, -0.00127809, -0.755663, 0.520489, -0.72573, -0.449898, -0.75618, 10.9721, 1.15271)

[node name="Block17" parent="Blocks" instance=ExtResource("1_6fvqf")]
transform = Transform3D(0.738173, -0.528628, 0.419112, -0.364963, -0.835428, -0.410929, 0.567366, 0.150376, -0.809619, 2.34988, 12.5938, 21.5419)

[node name="Block18" parent="Blocks" instance=ExtResource("1_6fvqf")]
transform = Transform3D(0.976733, -0.070479, 0.20255, -0.012219, -0.961213, -0.275535, 0.214113, 0.26665, -0.939709, 0.803802, 11.8989, 22.2571)

[node name="Block19" parent="Blocks" instance=ExtResource("1_6fvqf")]
transform = Transform3D(0.770801, 0.599706, -0.214986, 0.543633, -0.795104, -0.268837, -0.332159, 0.0903466, -0.938886, -1.60326, 11.5847, 22.6109)

[node name="Block20" parent="Blocks" instance=ExtResource("1_6fvqf")]
transform = Transform3D(0.316787, 0.842728, -0.435265, 0.772442, -0.495529, -0.397221, -0.550436, -0.210383, -0.807935, -0.86947, 10.3789, 23.7908)

[node name="Block21" parent="Blocks" instance=ExtResource("1_6fvqf")]
transform = Transform3D(0.746302, 0.507427, 0.430757, 0.488812, 0.0214263, -0.872125, -0.45177, 0.861429, -0.232046, -0.927308, 10.7721, 22.1511)

[node name="Block22" parent="Blocks" instance=ExtResource("1_6fvqf")]
transform = Transform3D(0.495416, 0.847042, 0.192566, 0.193629, 0.108422, -0.975066, -0.846801, 0.52035, -0.110299, -0.928546, 11.3899, 23.8841)

[node name="Block23" parent="Blocks" instance=ExtResource("1_6fvqf")]
transform = Transform3D(-0.861128, 0.268912, 0.431445, 0.0997378, 0.921522, -0.375299, -0.498509, -0.280149, -0.820369, -2.372, 9.67859, 23.2946)

[node name="Block24" parent="Blocks" instance=ExtResource("1_6fvqf")]
transform = Transform3D(-0.752772, -0.0862928, 0.6526, -0.442717, 0.800046, -0.404883, -0.487171, -0.593701, -0.640455, -1.97894, 11.394, 23.8631)

[node name="Block25" parent="Blocks" instance=ExtResource("1_6fvqf")]
transform = Transform3D(0.952401, 0.304848, 0, -0.261915, 0.81827, -0.511698, -0.15599, 0.487342, 0.859165, -15.8919, 1.86715, 0)

[node name="Gigachad" parent="." instance=ExtResource("2_ujuo1")]
transform = Transform3D(1, 0, 0, 0, 1, 0, 0, 0, 1, 0, 0.621382, 6.38228)

[node name="WorldEnvironment" type="WorldEnvironment" parent="."]
environment = ExtResource("4_rmfjv")

[node name="GridMap" type="GridMap" parent="."]
mesh_library = ExtResource("5_ap7mt")
collision_layer = 2
collision_mask = 13
data = {
"cells": PackedInt32Array(-5, 65531, 0, -5, 65532, 0, -5, 65533, 0, -5, 65534, 0, -5, 65535, 0, -5, 0, 0, -5, 1, 0, -5, 2, 0, -5, 3, 0, -5, 4, 1048581, -4, 65531, 0, -4, 65532, 0, -4, 65533, 0, -4, 65534, 0, -4, 65535, 0, -4, 0, 0, -4, 1, 0, -4, 2, 0, -4, 3, 0, -4, 4, 1048581, -3, 65531, 0, -3, 65532, 0, -3, 65533, 0, -3, 65534, 0, -3, 65535, 0, -3, 0, 0, -3, 1, 0, -3, 2, 0, -3, 3, 0, -3, 4, 0, -2, 65531, 0, -2, 65532, 0, -2, 65533, 0, -2, 65534, 0, -2, 65535, 0, -2, 0, 0, -2, 1, 0, -2, 2, 0, -2, 3, 0, -2, 4, 0, -1, 65531, 0, -1, 65532, 0, -1, 65533, 0, -1, 65534, 0, -1, 65535, 0, -1, 0, 0, -1, 1, 0, -1, 2, 0, -1, 3, 0, -1, 4, 0, -65536, 65531, 0, -65536, 65532, 0, -65536, 65533, 0, -65536, 65534, 0, -65536, 65535, 0, -65536, 0, 0, -65536, 1, 0, -65536, 2, 0, -65536, 3, 0, -65536, 4, 0, -65535, 65531, 0, -65535, 65532, 0, -65535, 65533, 0, -65535, 65534, 0, -65535, 65535, 0, -65535, 0, 0, -65535, 1, 0, -65535, 2, 0, -65535, 3, 0, -65535, 4, 0, -65534, 65531, 0, -65534, 65532, 0, -65534, 65533, 0, -65534, 65534, 0, -65534, 65535, 0, -65534, 0, 0, -65534, 1, 0, -65534, 2, 0, -65534, 3, 0, -65534, 4, 0, -65533, 65531, 655360, -65533, 65532, 0, -65533, 65533, 0, -65533, 65534, 0, -65533, 65535, 0, -65533, 0, 0, -65533, 1, 0, -65533, 2, 0, -65533, 3, 0, -65533, 4, 0, -65532, 65531, 655360, -65532, 65532, 655360, -65532, 65533, 655365, -65532, 65534, 655365, -65532, 65535, 655365, -65532, 0, 655365, -65532, 1, 655365, -65532, 2, 655365, -65532, 3, 655365, -65532, 4, 655365, -6, 65531, 5, -6, 65532, 5, -6, 65533, 5, -6, 65534, 5, -6, 65535, 5, -6, 0, 5, -6, 1, 5, -6, 2, 5, -6, 3, 5, -6, 4, 1048582, -6, 65530, 6, -65532, 65530, 1441798, -65532, 5, 655366, -2, 65530, 655360, -1, 65530, 655360, -65536, 65530, 655360, -1, 65525, 655360, -1, 65526, 655360, -1, 65527, 655360, -1, 65528, 655360, -1, 65529, 655360, -65533, 65530, 1441797, -65534, 65530, 1441797, -5, 65530, 1441797, -4, 65530, 1441797, -65535, 65530, 1441797, -65536, 65529, 655365, -65536, 65528, 655365, -65536, 65527, 655365, -65536, 65526, 655365, -65536, 65525, 655365, -2, 65529, 5, -2, 65527, 5, -2, 65526, 5, -2, 65525, 5, -2, 65528, 5, -3, 65530, 1441797, -65533, 5, 1048581, -65534, 5, 1048581, -65535, 5, 1048581, -65536, 5, 1048581, -1, 6, 655365, -1, 7, 655360, -1, 8, 655360, -65536, 9, 1441797, -65535, 9, 1441797, -65534, 9, 1441798, -65534, 10, 655365, -65534, 11, 655365, -65534, 12, 655365, -65534, 13, 655365, -1, 9, 655360, -1, 5, 655360, -2, 5, 655360, -2, 6, 655360, -2, 7, 655360, -2, 9, 655360, -2, 8, 655360, -2, 10, 655360, -2, 11, 655360, -65535, 10, 655360, -65536, 10, 655360, -65536, 11, 655360, -65535, 11, 655360, -1, 10, 655360, -1, 11, 655360, -65536, 12, 655360, -65535, 12, 655360, -65535, 13, 655360, -65536, 13, 655360, -1, 12, 1048576, -1, 13, 1048576, -65534, 14, 655366, -65535, 14, 1048581, -65536, 14, 1048581, -1, 14, 1048581, -2, 14, 1048581, -3, 14, 1048582, -3, 13, 5, -3, 12, 5, -3, 11, 5, -3, 10, 5, -3, 9, 5, -3, 8, 5, -3, 7, 5, -3, 6, 5, -3, 5, 5, -2, 13, 1048576, -2, 12, 1048576, 5, 65531, 655362, 5, 65532, 655362, 6, 65532, 655361, 6, 65531, 655361, -65530, 65532, 655360, -65530, 65531, 655360, -65531, 65531, 655360, -65531, 65532, 655360, 7, 65532, 1048576, 7, 65531, 1048576, 8, 65530, 1441792, 8, 65529, 1441792, 8, 65528, 1441797, 9, 65528, 1441797, 10, 65528, 1441797, 11, 65528, 1441797, 8, 65533, 1441792, 8, 65534, 1441792, 8, 65535, 1048581, 9, 65535, 1048581, 10, 65535, 1441792, 8, 65532, 0, 9, 65532, 0, 9, 65531, 1048576, 8, 65531, 1048576, 9, 65530, 1048576, 10, 65530, 1048576, 11, 65530, 1048576, 9, 65529, 1048576, 10, 65529, 1048576, 11, 65529, 1048576, 11, 65531, 1048576, 11, 65532, 1048576, 11, 65533, 1048576, 9, 65534, 1048576, 9, 65533, 1048576, 10, 65533, 1048576, 10, 65532, 1048576, 10, 65531, 1048576, 10, 65534, 1048576, 11, 65534, 1048576, 11, 65535, 1441792, 12, 65535, 655366, 12, 65534, 655365, 12, 65533, 655365, 12, 65532, 655365, 12, 65531, 655365, 12, 65530, 655365, 12, 65529, 655365, 12, 65528, 1441798, -65536, 8, 1, -65536, 7, 1, -65536, 6, 1, -65535, 8, 2, -65535, 7, 2, -65535, 6, 2, -131070, 8, 1, -131070, 7, 1, -131070, 6, 1, -131069, 8, 2, -131069, 7, 2, -131069, 6, 2, -196604, 6, 1441797, -196604, 7, 0, -196603, 6, 1441797, -196603, 7, 1441792, -196604, 9, 1048582, -196604, 8, 0, -196602, 6, 1441797, -196601, 6, 1441798, -196603, 8, 1441792, -196602, 7, 1441792, -196601, 7, 655365, -196601, 8, 655365, -196602, 8, 1441792, -196603, 9, 1441792, -196602, 9, 1441792, -196601, 9, 655366, -196603, 10, 1441793, -196602, 10, 1441793, -196603, 11, 1441794, -196602, 11, 1441794, 0, 10, 1441795, 0, 11, 1441795, 0, 12, 1441795, 65535, 12, 1441795, 65535, 11, 1441795, 65535, 10, 1441795, 65534, 10, 1441795, 65534, 11, 1441795, 65534, 12, 1441795, 2, 2, 1441795, 3, 2, 1441795, 3, 1, 1441795, 2, 1, 1441795, 7, 65533, 5, 7, 65534, 5, 7, 65535, 1048582, 7, 65530, 5, 7, 65529, 5, 7, 65528, 6, 65547, 0, 1048578, 65546, 0, 1048578, 65546, 1, 1048577, 65547, 1, 1048577, 10, 0, 0, 10, 1, 196608, 11, 0, 458752, 11, 1, 0, 65548, 2, 0, 65547, 2, 0, 65546, 2, 0, 65545, 2, 0, 65545, 3, 0, 65546, 3, 0, 65547, 3, 0, 65548, 3, 0, 65549, 3, 0, 65549, 2, 0, 131080, 3, 3, 131080, 2, 3, 196617, 6, 3, 327692, 5, 3, 196616, 5, 3, 262149, 6, 3, 65535, 65535, 3, 0, 65535, 3, 1, 65535, 3, 0, 0, 3, 65535, 0, 3, 65534, 0, 3, 65534, 65535, 3, 65534, 1, 3, 65535, 1, 3, 2, 0, 3, 1, 0, 3, 1, 1, 3, 0, 1, 3, 2, 65535, 3, 3, 65535, 3, 3, 0, 3, 262155, 4, 3, 262154, 7, 3)
}
metadata/_editor_floor_ = Vector3(0, 4, 0)

[node name="FallZone" type="Area3D" parent="."]
transform = Transform3D(1, 0, 0, 0, 1, 0, 0, 0, 1, 0, -16, 0)
collision_layer = 16

[node name="CollisionShape3D" type="CollisionShape3D" parent="FallZone"]
transform = Transform3D(1, 0, 0, 0, 1, 0, 0, 0, 1, 0, -6.95938, 0)
shape = SubResource("BoxShape3D_78vlc")

[node name="Coins" type="Node3D" parent="."]

[node name="Coin" parent="Coins" instance=ExtResource("5_wdtda")]
transform = Transform3D(1, 0, 0, 0, 1, 0, 0, 0, 1, 5.25257, 1.53427, 3.42901)

[node name="Coin2" parent="Coins" instance=ExtResource("5_wdtda")]
transform = Transform3D(1, 0, 0, 0, 1, 0, 0, 0, 1, 14.89, -3.319, 13.4)

[node name="Coin3" parent="Coins" instance=ExtResource("5_wdtda")]
transform = Transform3D(1, 0, 0, 0, 1, 0, 0, 0, 1, 14.89, -3.319, 15.1457)

[node name="Coin4" parent="Coins" instance=ExtResource("5_wdtda")]
transform = Transform3D(1, 0, 0, 0, 1, 0, 0, 0, 1, 14.89, -3.319, 17.2764)

[node name="Coin5" parent="Coins" instance=ExtResource("5_wdtda")]
transform = Transform3D(1, 0, 0, 0, 1, 0, 0, 0, 1, 14.89, -3.319, 18.9125)

[node name="Coin6" parent="Coins" instance=ExtResource("5_wdtda")]
transform = Transform3D(1, 0, 0, 0, 1, 0, 0, 0, 1, 12.89, -3.319, 18.9125)

[node name="Coin7" parent="Coins" instance=ExtResource("5_wdtda")]
transform = Transform3D(1, 0, 0, 0, 1, 0, 0, 0, 1, 10.89, -3.319, 18.9125)

[node name="Coin8" parent="Coins" instance=ExtResource("5_wdtda")]
transform = Transform3D(1, 0, 0, 0, 1, 0, 0, 0, 1, 8.89001, -3.319, 18.9125)

[node name="Coin9" parent="Coins" instance=ExtResource("5_wdtda")]
transform = Transform3D(1, 0, 0, 0, 1, 0, 0, 0, 1, 8.89001, -3.319, 16.9125)

[node name="Coin10" parent="Coins" instance=ExtResource("5_wdtda")]
transform = Transform3D(1, 0, 0, 0, 1, 0, 0, 0, 1, 8.89001, -3.319, 14.9125)

[node name="Coin11" parent="Coins" instance=ExtResource("5_wdtda")]
transform = Transform3D(1, 0, 0, 0, 1, 0, 0, 0, 1, 8.89001, -3.319, 12.9125)

[node name="Coin12" parent="Coins" instance=ExtResource("5_wdtda")]
transform = Transform3D(1, 0, 0, 0, 1, 0, 0, 0, 1, 10.89, -3.319, 12.9125)

[node name="Coin13" parent="Coins" instance=ExtResource("5_wdtda")]
transform = Transform3D(1, 0, 0, 0, 1, 0, 0, 0, 1, 12.89, -3.319, 12.9125)

[node name="Coin14" parent="Coins" instance=ExtResource("5_wdtda")]
transform = Transform3D(1, 0, 0, 0, 1, 0, 0, 0, 1, 12.89, -3.319, 14.9125)

[node name="Coin15" parent="Coins" instance=ExtResource("5_wdtda")]
transform = Transform3D(1, 0, 0, 0, 1, 0, 0, 0, 1, 10.89, -3.319, 14.9125)

[node name="Coin16" parent="Coins" instance=ExtResource("5_wdtda")]
transform = Transform3D(1, 0, 0, 0, 1, 0, 0, 0, 1, 10.89, -3.319, 16.9125)

[node name="Coin17" parent="Coins" instance=ExtResource("5_wdtda")]
transform = Transform3D(1, 0, 0, 0, 1, 0, 0, 0, 1, 12.89, -3.319, 16.9125)

[node name="Coin18" parent="Coins" instance=ExtResource("5_wdtda")]
transform = Transform3D(1, 0, 0, 0, 1, 0, 0, 0, 1, 12.89, -3.319, 16.9125)

[node name="Coin19" parent="Coins" instance=ExtResource("5_wdtda")]
transform = Transform3D(1, 0, 0, 0, 1, 0, 0, 0, 1, 18.89, 7.681, 12.9125)

[node name="Coin20" parent="Coins" instance=ExtResource("5_wdtda")]
transform = Transform3D(1, 0, 0, 0, 1, 0, 0, 0, 1, 24.89, 11.681, 10.9125)

[connection signal="body_entered" from="FallZone" to="Gigachad" method="_on_fall_zone_body_entered"]
